# devices: 1

Device is a Tesla K80, capability: 3.7
Clock speed: 823.500000 MHz
# cores: 13

Global memory: 11.249573GB
Memory Clock Rate (MHz): 2505.000000
Memory Bus Width (bits): 384
Peak Memory Bandwidth (GB/s): 240.480000
L2 Cache size: (KB): 1536.000000
ECC Enabled
Device can concurrently copy memory between host and device in both directions
     and execute a kernel at the same time
Device shares a unified address space with the host

 --------- 
CUDA Driver version: 7000, runtime version: 7000

n: 8, tx: 16, ty: 16, gridX: 1, gridY: 1, reps: 10, epsilon: 1e-06

Using Double precision arithmetic



A:
       1 0.5 0.3333 0.25 0.2 0.1667 0.1429 0.125 
0.5 0.3333 0.25 0.2 0.1667 0.1429 0.125 0.1111 
0.3333 0.25 0.2 0.1667 0.1429 0.125 0.1111 0.1 
0.25 0.2 0.1667 0.1429 0.125 0.1111 0.1 0.09091 
0.2 0.1667 0.1429 0.125 0.1111 0.1 0.09091 0.08333 
0.1667 0.1429 0.125 0.1111 0.1 0.09091 0.08333 0.07692 
0.1429 0.125 0.1111 0.1 0.09091 0.08333 0.07692 0.07143 
0.125 0.1111 0.1 0.09091 0.08333 0.07692 0.07143 0.06667 

B:
       1 0.5 0.3333 0.25 0.2 0.1667 0.1429 0.125 
0.5 0.3333 0.25 0.2 0.1667 0.1429 0.125 0.1111 
0.3333 0.25 0.2 0.1667 0.1429 0.125 0.1111 0.1 
0.25 0.2 0.1667 0.1429 0.125 0.1111 0.1 0.09091 
0.2 0.1667 0.1429 0.125 0.1111 0.1 0.09091 0.08333 
0.1667 0.1429 0.125 0.1111 0.1 0.09091 0.08333 0.07692 
0.1429 0.125 0.1111 0.1 0.09091 0.08333 0.07692 0.07143 
0.125 0.1111 0.1 0.09091 0.08333 0.07692 0.07143 0.06667 
Device computation time: 0.000559 sec. [0.183232 gflops]

     N     TX     TY   Reps       t_h     GF_h       t_d   GF_d   Host?  L1? Rnd?  BT?
@     8    16     16     10   0.00e+00     0.0  5.59e-04    0.2     N    N    N    N


C (device):
   1.527 0.8889 0.6444 0.5104 0.4245 0.3642 0.3194 0.2846 
0.8889 0.5398 0.4 0.3212 0.2697 0.233 0.2055 0.1839 
0.6444 0.4 0.2998 0.2424 0.2045 0.1774 0.1569 0.1407 
0.5104 0.3212 0.2424 0.1969 0.1667 0.1449 0.1283 0.1153 
0.4245 0.2697 0.2045 0.1667 0.1414 0.1231 0.1092 0.09817 
0.3642 0.233 0.1774 0.1449 0.1231 0.1073 0.09524 0.08571 
0.3194 0.2055 0.1569 0.1283 0.1092 0.09524 0.08461 0.07619 
0.2846 0.1839 0.1407 0.1153 0.09817 0.08571 0.07619 0.06864 

Device result: answers matched to within 1e-06
